stock_code,1,9,166,563,567,617,627,686,712,728,750,776,783,987,1227,1236,2142,2423,2500,2670,2673,2736,2797,2807,2839,2926,2936,2939,2945,2948,2958,2961,2966,300033,300059,300803,600000,600015,600016,600030,600036,600053,600061,600095,600109,600120,600155,600318,600369,600390,600517,600621,600643,600705,600783,600816,600830,600864,600901,600906,600908,600909,600918,600919,600926,600927,600928,600958,600999,601009,601059,601066,601077,601099,601108,601128,601136,601162,601166,601169,601187,601198,601211,601229,601236,601288,601318,601319,601328,601336,601375,601377,601398,601456,601519,601528,601555,601577,601601,601628,601658,601665,601688,601696,601788,601818,601825,601838,601860,601878,601881,601901,601916,601939,601963,601988,601990,601995,601997,601998,603093,603323
1,0.0,0.03837667326422034,0.2732624549390216,0.20277815688160863,0.11611000063704258,0.13394533037630502,0.25252584953026996,0.16677406919249405,0.07599028657811008,0.19267833131563392,0.18976564218721256,0.16226544283657435,0.03161403596855502,0.20434985408959608,0.2346966110087986,0.101570400221715,0.3384478035727248,0.209304018690717,0.22681469015181754,0.03327646327972275,0.13055974696709563,0.19554607781831246,0.11171855078993075,0.2291480421931009,0.2285383370989279,-0.0023155499169963054,0.25762153507087115,0.13448103407657255,0.1297533310024257,0.11521057185255047,0.040780815212987966,0.14468880564232375,0.08245609977315145,0.0818410742991311,0.21641055403315893,0.09966627670959814,0.020142773639041132,0.2648414712429459,0.39167842527532803,0.2031360835748736,0.42142025852811793,0.21809057196861006,0.28733670514838394,0.07830893830775322,0.17853551281409508,-0.0992110446757657,0.17955784201044056,0.25842095346025007,0.2972065733177158,0.2267543931708899,0.02885155238949453,0.25875329376837025,0.23824556643643682,0.21753450124383295,0.18120975157468916,0.2175338990829374,0.10135296878630673,0.20159129709718146,0.2375903105904011,0.22122498854820544,0.2220249785981515,0.2121422993252854,0.14239105232466892,-0.026675556855580183,0.10208511036342016,0.2592411198498876,0.21327592197843642,0.1853607729922205,0.23250903520670738,0.22956699558038146,0.4253004825794651,0.18035695693488749,0.027451672869228266,0.17532749541993256,0.222424640039888,0.27478338537992936,0.045882087924554706,0.12464797613932298,0.1918014952931919,0.08307646952948154,0.03739148569055839,0.3823294361049713,0.2831179920627236,0.14999252496096413,0.18960842227107091,0.18586130790875677,0.2670117281808186,0.23840270361648042,0.18258338122430878,0.2899155321118185,0.16002408496119114,0.2708475742467601,0.06724082627840985,0.09879065179830593,0.03542385073720963,0.16913215111818708,0.26225751015450605,0.24626297388005097,0.26542323821767444,0.28533885707992585,0.35114057879618543,0.10872831541570462,0.16727857922726083,0.21009032295609023,0.19808827089338585,0.4188486478198085,0.08800737725539494,0.13262316124731874,-0.0921342091819609,0.22792267933968616,0.5675734056322417,0.19065315952849854,0.11963565008741997,0.15463824816685118,0.0480224721198929,0.22754815365273692,0.21546020714693562,0.3821390898022885,0.26573498289565767,0.14486993923351646,-0.01253057233210974,0.15624996466224522
9,0.03837667326422034,0.0,0.5290389095083062,0.4047188060631751,0.49611977070348584,0.5430358558612861,0.4236194994112921,0.4215438899114572,0.33190323032718544,0.6232533927417364,0.6602671309822891,0.6256532206481573,0.607552694427404,0.554268143176791,0.3329433422952161,0.5265154435307422,0.044472515409217435,0.5457992513756783,0.6117022440106856,0.24251396455548754,0.46570217583596984,0.6523632830555098,0.5964817504178095,0.03309280444913381,0.20977785037581986,0.5763693401064417,0.19291655320308096,0.37297375185670406,0.5906244948765873,0.009530862160044949,0.035055129530939,0.400866793931079,-0.2515654692609341,0.3885638024633403,0.562253450317956,0.47444075609868613,0.10134139214741057,0.14250664985027972,0.0935531212407281,0.6244716246724977,0.15736479487249463,0.3464907951568412,0.6372139412558797,0.5648518061939432,0.504376890436395,0.12150232385490384,0.4699601937560095,0.25796048665739685,0.5137463327053828,0.5022219184301314,0.5731923193315346,0.5342079844770143,0.49407591652319066,0.3167595364245224,0.38246665556317044,0.5967711226913357,0.5130873427143837,0.5976992038536235,0.35964234038466003,0.5513156528535653,0.04967977812444668,0.5750500345264238,0.5892504056137261,-0.12835339904657408,0.1934781547035831,0.48390838702044,0.3555349714045966,0.541931574509292,0.6825037870524482,0.01694049102991614,0.3162337676682231,0.5715766523687301,-0.20008958159494292,0.5967521647332359,0.5785597408094005,0.06127832209740778,0.3233460418139518,0.5810744757983325,0.27207101305427067,-0.14942591153874626,-0.15597529371995011,0.32840252518875723,0.6301305051548475,-0.13248017739427617,0.6367919358478449,-0.097143463120267,0.5540079270409628,0.4496676804528615,0.11963932630131856,0.5040930362199761,0.56427268951165,0.5402539263500115,0.0398013053212359,0.49240664167217507,0.5795046525664737,-0.1243235188630474,0.3518491994551377,0.032709950210801024,0.48623405399555303,0.5013087709351305,-0.28177495048513906,0.0687613621623681,0.6524882028900711,0.5775399818927596,0.5609657070180076,-0.08396232439168536,-0.15340450670967792,-0.03369979917053595,0.04589786607858199,0.6652308835529612,0.19687987570354792,0.5831444722372436,-0.09307908251173728,-0.02669924979944497,-0.0636638754832044,-0.06273344009412778,0.5925891466100709,0.3723895163425955,0.21180853820136525,-0.4810633582282132,0.2710185665879921,0.083309395482108
166,0.2732624549390216,0.5290389095083062,0.0,0.8883266413445996,0.7731980753034469,0.868780048969972,0.7839957110351915,0.6627798707759827,0.5857543010324997,0.8865895981278442,0.8971860656746804,0.8717506768766701,0.8795511880946562,0.9183966971675609,0.5489830821575508,0.8687032766872261,0.10616040030210165,0.8719582009200476,0.9218057615836829,0.5991616486269463,0.7058537796442054,0.8865591696556036,0.8617319549453396,0.06465230994701557,0.3878556957939269,0.774800776163837,0.4115981507422345,0.6660936613335777,0.7433808678613638,-0.08764466778702258,0.11716623303136965,0.7575690317331686,-0.12763241553663304,0.7853465331083646,0.9104220578497623,0.8426270537677528,-0.05138235851176209,0.2793352737984551,0.033799547359162484,0.9103684135203828,0.193490319228338,0.712761076809869,0.9285540272626297,0.9122365064139749,0.8403135595201212,0.3863179828708291,0.662238620912158,0.671303160133399,0.8988828641212077,0.8684154207461058,0.8278450653417528,0.9105797056480344,0.8666929755749443,0.6879311242433361,0.726830289414239,0.9162949815837557,0.7502739819504981,0.9189808289834904,0.4566601589294936,0.941465405788131,0.1567523277718281,0.920953605107984,0.9305799991245446,-0.2560432179657147,-0.011361624857321275,0.8540162236279358,0.5129272636910001,0.927782780779769,0.9012690867923878,0.21968174595287193,0.6544821282603512,0.9492459113788744,-0.15350421325758046,0.9117751454191705,0.8224401304980711,-0.008049695923878454,0.6664572908240805,0.6228041112073396,0.204076545746179,-0.1421911810324388,-0.202875457335177,0.7836302660417845,0.5919640544264949,-0.02238662445525133,0.9030204442558842,-0.15280487513433885,0.6786458530544179,0.671047917237391,0.059756944370173586,0.7178115880786191,0.9414834455707547,0.9063733136636303,-0.16891043575384804,0.7669628450218419,0.8663780385506241,-0.002403451138559828,0.7851855893558428,0.03344363778399258,0.6582776251592771,0.7368388881195199,-0.1024232763756389,-0.014572315021109849,0.8280830586765904,0.9360314112128173,0.9207364542602422,-0.00189515283282198,-0.14066525444569683,-0.19078576426122623,0.18420570696338637,0.9349815537941031,0.6539463741379751,0.8514268888152017,0.2525793978449505,-0.11384780620979172,-0.19325146808962057,-0.12469112646838955,0.9137616615533737,0.7125995233335237,0.3414898661697679,-0.4293113519409373,0.6817978015581266,0.21714761645966954
563,0.20277815688160863,0.4047188060631751,0.8883266413445996,0.0,0.6959497986199458,0.9059002634125558,0.7538495469386554,0.6721728385204009,0.558318158202871,0.7997810016272677,0.8804264487331428,0.8710139500665424,0.8486226273057107,0.9048170088282567,0.512537996729406,0.8728869948504066,0.10268441355451915,0.9180181074385797,0.8833018753556745,0.7045107768648057,0.7335893794694553,0.8535597450203253,0.8591375782207741,0.008747757931841712,0.31781218360293395,0.7812080593884159,0.5141779296031369,0.6179723997767358,0.630234400639982,-0.11634386765417312,0.10299891236832528,0.7895343484848064,-0.044210957143866275,0.8389013027831369,0.9091399326915437,0.8750640506049175,-0.12553029574289737,0.23294551076050338,-0.08878393409985477,0.8649418310811297,0.11006236996685953,0.652648562852995,0.8747248086786324,0.8910299263737347,0.7469098004168211,0.42672225586516127,0.661820708008702,0.6334599916838471,0.8251334354018547,0.8703730074692703,0.7452883588170989,0.8565608590266781,0.8777884056093307,0.8310123420194537,0.7191407998152886,0.8317942714758063,0.7624709432603828,0.9003876821706095,0.5158961957009051,0.9069150470785506,0.12790950998236686,0.9037093702625963,0.877745846536993,-0.31829605698362784,0.026601631481955292,0.8327816401622287,0.5334931087518058,0.9036489638932105,0.8219387215902978,0.2233000380127214,0.6664270037385573,0.8974195152917771,-0.090556174854629,0.8931939543657902,0.773530589694704,-0.00041977222096950073,0.7677258846766218,0.59441282465611,0.095270237152931,-0.20102625829848503,-0.2114773006139633,0.8205613649936878,0.509575265767282,-0.20204363231736086,0.875930591607162,-0.1804789132802053,0.682105961823224,0.594026673715778,2.7065972727754382e-05,0.690358184443675,0.9062191242608283,0.8456327525474845,-0.22690393448335786,0.7951074884464835,0.7977157838564188,0.02673983163219265,0.6960244640212793,0.00302365736267796,0.5753950117638983,0.6662015449353893,-0.06881438207827964,-0.061287382662054884,0.7731496711519346,0.8900937063665603,0.8681014193426266,-0.10521810195945894,-0.10945908565962106,-0.2711554077852914,0.1903624237269502,0.8539973884859869,0.5332204194714691,0.8441908616968112,0.2437038742215698,-0.15752598267790247,-0.1661723959963633,-0.16406545673592102,0.876350971565956,0.5634290813904048,0.2681137638531486,-0.3620935046122467,0.7004798864310589,0.1471309722028851
567,0.11611000063704258,0.49611977070348584,0.7731980753034469,0.6959497986199458,0.0,0.720038028858702,0.6894007080034704,0.5452232744042999,0.4363668233878841,0.793413968490562,0.7373996576865313,0.7197769452907969,0.7210890178838505,0.7650966465675397,0.4644360880228396,0.6746566122789327,-0.004858354909564882,0.78219619908435,0.7780997735983959,0.4722955700292822,0.5163730811153434,0.6932127101047668,0.7215583226434168,-0.01735188630747839,0.21639653638616327,0.5935888271357482,0.5237202237571621,0.45951932387964917,0.7471450202128609,-0.2152129338116927,0.08071383962451165,0.5253268996648466,-0.2619770129109777,0.5806272752139054,0.7124255222152156,0.6362939506798412,-0.2021235170334103,0.07929645410353918,-0.019801443786152846,0.7286526554918435,0.07342782054363879,0.5448150925602192,0.7228770274062731,0.7345250093328861,0.7927991592706889,0.451465047986777,0.5207949161920435,0.45428657099705133,0.759839539739466,0.7215907420469223,0.6485780398508452,0.6786433570333121,0.662116138352299,0.6228781028639965,0.583320634377205,0.7208456770168876,0.5963835878427948,0.7184634841774387,0.3196687819353825,0.6882329945778873,-0.05248705263063603,0.7545154985161586,0.708492258286294,-0.24816047692484836,-0.03670089397426823,0.6385936410690051,0.3277553463327594,0.7166558504378606,0.7783098856548282,0.10002592596230209,0.3398398368178602,0.749227002286065,-0.21508643573480238,0.7215657848251988,0.598103840433346,-0.11227363950739944,0.5938939515678883,0.5460911918270999,0.060999727070054084,-0.2542772185412471,-0.2809116740953475,0.6537841533345314,0.3580487422633486,-0.10640977347599455,0.728722067523774,-0.2194355017807121,0.5465670383082954,0.44858439811014716,-0.09999009219330489,0.49334731436615087,0.8196567118616462,0.7352864572401184,-0.17140548048738458,0.6856550098907787,0.7520715553815348,-0.09787073439188136,0.5548741649908744,-0.19369962922795994,0.45620010276778084,0.5562588692652075,-0.20153819723992605,-0.08058809946637639,0.6223522544779323,0.7341693439576652,0.8006109152316706,-0.1701021653907765,-0.24747947068134377,-0.22071900686679455,0.16871426719708357,0.7149255665317726,0.48799548658649344,0.6192822552095664,0.10497889994364136,-0.18174731860584512,-0.29133047019238983,-0.2293337527781826,0.6435997227334002,0.5412937317378655,0.14773264449401088,-0.34385102561293746,0.4888353551527148,0.07000537486153814
617,0.13394533037630502,0.5430358558612861,0.868780048969972,0.9059002634125558,0.720038028858702,0.0,0.7544972121472682,0.6031327274116997,0.587607023642682,0.8607401373853627,0.8895684689764363,0.8892474686441613,0.8587917720815544,0.9303639973585622,0.4624981983971564,0.9127959698403629,0.1155703205446808,0.9465869650591404,0.8988893702748266,0.6299565681658098,0.6791727431720034,0.8829082742878874,0.9078764231549097,0.016636005484622074,0.307546646043354,0.8161724406113785,0.4554627313951758,0.6108349013887426,0.7505819828333776,-0.08048545554796727,0.08952530558134554,0.7894022182755134,-0.07489569512386801,0.8612042088012977,0.920888242148431,0.8551741371662956,-0.07189905647921978,0.24971511518047482,-5.142590566867837e-05,0.8981884798747165,0.17096683235940874,0.7464960296080922,0.9086711292781289,0.8904040771836625,0.7881667342402681,0.4869314195086244,0.7378320093007504,0.6769769866996718,0.769305596976914,0.908190279375818,0.8713936690935281,0.8712337106762307,0.8909625544287406,0.8403953053890615,0.8235013193179425,0.8166202964428334,0.8376384936738274,0.8886124028939738,0.501429003009331,0.8959559085878371,0.11778968848794555,0.9084962683960092,0.8756544561745099,-0.27514859638795225,0.06704807379350688,0.8521378876806315,0.47999823610490716,0.8933299587775037,0.8780354581266199,0.2014716647810234,0.6139428457074165,0.8796629196788226,-0.17214136659203,0.9078852606198045,0.797720605287237,0.05538568029075373,0.7847203489098888,0.6052472427707459,0.18818765761207387,-0.17945920218463685,-0.2155432515255877,0.7441655398527295,0.6212621747684418,-0.23155994153582882,0.8964097216442768,-0.1989658500292701,0.715519142155508,0.639173476557528,-0.01864464567440821,0.6697828818479956,0.869297609499795,0.8516305782183987,-0.19754849144600464,0.8045122294670263,0.8904126926511579,0.0015562307083417657,0.7114430331631412,0.054299035807092486,0.6127726191816286,0.6854198361704857,-0.1611568872920238,-0.054615938657835324,0.803713476081456,0.8889788322797721,0.8060370559453132,-0.07957466674881876,-0.09754054665816346,-0.19597139724376622,0.13184390227555512,0.8560382253141516,0.3927110149917747,0.7960196823023906,0.2324553231503872,-0.1339506805566907,-0.211505648592722,-0.1520349125109325,0.8755817381446064,0.44932658560709265,0.2928143990867735,-0.48384568114871257,0.7251688945328656,0.15864955232783243
627,0.25252584953026996,0.4236194994112921,0.7839957110351915,0.7538495469386554,0.6894007080034704,0.7544972121472682,0.0,0.47407307416197375,0.4923429269653543,0.7452286050795348,0.7284596642408967,0.7651336180008583,0.6978804003994261,0.7551295039261229,0.534650353534327,0.7640658127290727,0.3262119890027705,0.7492767572446812,0.7845991523054103,0.6049823882768891,0.4944684680682268,0.7528912662317384,0.7605889685426201,0.25144836559813954,0.46597849802555236,0.643937311054847,0.5774991322366954,0.4611652432923197,0.6024910898539203,0.06745004122588916,0.27454776446230533,0.8108405376760545,-0.0488470065630472,0.6942813006741761,0.7839262424321635,0.7223146965051188,0.19379055623709465,0.5199662305613084,0.16187929798249512,0.7770657898272126,0.49234925429604,0.5317181961057879,0.8249220681924828,0.7180461878931608,0.6216922242886497,0.36518874490761727,0.6080882538319332,0.6276235347755069,0.8432991204651314,0.7684979622014602,0.594827843274282,0.7592007605170094,0.7957340807036919,0.653122728151323,0.6535345814473968,0.6818343193265375,0.691399403809856,0.792938470091568,0.49361794961632777,0.7482276867646676,0.33268842689241923,0.8181638816824558,0.729187873201192,-0.13846053645192635,0.1966489978502581,0.8303752679588472,0.5530001272922669,0.770784269651463,0.8217432799510824,0.3334897747189852,0.5603540868793596,0.7871711205748162,-0.029909007563628427,0.7479212979750391,0.6217158570880524,0.12623442350791064,0.5988437026841957,0.49633533070770913,0.4249635023447402,0.03352454698599251,0.011294766197721991,0.7377289962818897,0.42259174329441135,0.04363094700635637,0.7505920959930154,0.03212278249069044,0.7959580605490185,0.7539796478363368,0.1410181022777491,0.7822212057495272,0.7744234793504902,0.7202102240176962,0.0605695055179158,0.6909813772480796,0.7220469009438565,0.2687481783343353,0.5920419871590766,0.17051088341522116,0.7512479611541627,0.8680168385921185,0.0814831550741429,0.17939732082968335,0.7185599007530378,0.7568492184568505,0.790026549274132,0.20806323667767376,0.07246695782575616,-0.07923559187710959,0.3483915491227901,0.7453416457222027,0.6114846245229276,0.6552226605533277,0.2947112439397782,0.05758831269970575,-0.0060499192414278525,0.03459391530624829,0.7237313709903896,0.6104974094783274,0.4350116671726738,-0.3022202698631931,0.7446475798814626,0.3147573710972421
686,0.16677406919249405,0.4215438899114572,0.6627798707759827,0.6721728385204009,0.5452232744042999,0.6031327274116997,0.47407307416197375,0.0,0.34625334840851824,0.6196064557195946,0.8050406817245024,0.6576880649852561,0.6956682435899817,0.6858872076084772,0.44516686242840425,0.5944902207286897,0.24788611228885032,0.7221733629358573,0.6911890045905412,0.4345499847470687,0.582318628979133,0.6401807605140661,0.5528784664825591,0.06127863220750878,0.3093577751524986,0.6496081162624888,0.4519400027613554,0.4924260430240289,0.5517307330570276,-0.09032151514134819,0.18382692041874607,0.5227584533414057,-0.025220139202035842,0.5193115788630946,0.6331671910236037,0.5533893435994404,-0.19529336264164115,0.1477154601950073,0.00013958969729264037,0.6675124973984078,0.06988616550015941,0.4871772527880011,0.6340660375534843,0.7316031461043967,0.6468836439737456,0.40245285341773207,0.4827481332598625,0.5164738364231127,0.6081403681460662,0.7117719375700237,0.5478037331709775,0.6218647163239027,0.6393250461623196,0.5687381163421521,0.47862637448710876,0.696348824397494,0.5681438202359151,0.6887217898963666,0.37779322715279473,0.6701907090824717,0.04283418326785176,0.6404432305139403,0.685271698860665,-0.23751812893222937,-0.07205250416152209,0.5956461278133613,0.5357448185971387,0.6700080977113502,0.6214368782564814,0.1643141506752289,0.377333310056792,0.705500294465036,-0.09413964322989758,0.6648413189873956,0.4214123014941647,0.16973718997088372,0.4448181280891451,0.8031249195987782,-0.06915645270482726,-0.15189131401969969,-0.09098674020466516,0.4742275037250869,0.5124114655993958,-0.20761186104170418,0.5933473360566672,-0.2079686903119242,0.40624956176281707,0.4190299298091332,0.06932466276827405,0.43300397490825304,0.6917543405481423,0.6366083177081403,-0.10227774155677145,0.5546344272853799,0.5691889692986065,0.0250203205514869,0.6248101275258057,-0.0641605901094412,0.38873064395213425,0.44560382667518406,-0.12918832900735563,-0.08704271497065223,0.6789011155793917,0.6355121527895581,0.702224262872176,-0.041491304871766374,-0.23845124655869063,-0.22179128475351703,0.2317981232284176,0.6296794805778528,0.4386567620284958,0.6321075486605096,0.041367998929534466,-0.03748395913206859,-0.03878662382295727,-0.13471933761642155,0.6672274382509464,0.5481502921783837,0.25415148525683917,-0.3769126923675361,0.4227634335477449,0.14422222746766003
712,0.07599028657811008,0.33190323032718544,0.5857543010324997,0.558318158202871,0.4363668233878841,0.587607023642682,0.4923429269653543,0.34625334840851824,0.0,0.6762974726687017,0.6075690635269543,0.6275713240206757,0.6308266427643,0.6477234537154727,0.35115288205081996,0.6699600445053445,-0.023171811308303546,0.5419506009455509,0.6295129425874124,0.7057599176911824,0.5898938602192089,0.6133018204747697,0.7041915676364243,0.23251072804276765,0.3444754227335296,0.5067623187551508,0.2285806188515445,0.46627312646168734,0.6704491140284797,0.33295217854845593,0.09467694515223002,0.5152642590497942,0.08788341554044993,0.6303471965673203,0.6092777041005822,0.6278726564311546,-0.05502337798580191,0.059821382445477016,-0.08113646600866192,0.649516921029644,0.10460729006173476,0.49911693566525706,0.6003461886814428,0.6508099089462939,0.623178637154463,0.6026971342737857,0.5068488660997473,0.4360325088042486,0.5832343100583691,0.5182116941843833,0.46081636826756583,0.6905689346411247,0.5294717142267866,0.39638669551105027,0.4922813910397224,0.5518925233839677,0.5147446626140787,0.6762156617701104,0.34710399849581874,0.6721129623129115,0.3207158560677111,0.6744960796848413,0.6545420026533867,-0.19896729563166543,0.12519770039840422,0.5743079430023249,0.38042673332923466,0.6315095971046625,0.6183728357725926,0.32569119291962784,0.3769322273990592,0.5926195619139076,-0.024345996112714187,0.696342138489039,0.5848221931100528,-0.0022484617709738076,0.42256606189811713,0.3548996146553623,0.017432575433874043,-0.01916576516753367,0.05106976292466014,0.48884645600652643,0.3668577624343941,0.020019744315018555,0.6532697049249762,0.016027880824015416,0.3576535894029037,0.339111568114393,0.003091188235820177,0.36709387610450667,0.6393097888898778,0.6257662389683852,0.05891509027424429,0.7126682293565698,0.7141042583460081,0.27300138516435124,0.5366196562274065,0.1243849044519176,0.3550098908567437,0.3310532309544655,-0.2573372676652683,0.04677114581663852,0.6406226963198912,0.6836397639704093,0.6167442460821905,-0.15462147589690942,0.09403332654654083,-0.0411596455162989,0.13392566673984194,0.6175255675218031,0.34977325485369715,0.6123662397005757,0.16470540870929734,0.24297578733767786,0.01977865051332739,0.054609676137801794,0.6715819447228037,0.44573386517779895,0.23598089886735038,-0.5246313739016913,0.41285225580644896,0.13735763866177786
728,0.19267833131563392,0.6232533927417364,0.8865895981278442,0.7997810016272677,0.793413968490562,0.8607401373853627,0.7452286050795348,0.6196064557195946,0.6762974726687017,0.0,0.8948203291718945,0.9025501206559481,0.9186096824544825,0.9458884197740796,0.5689311277365312,0.8505277443620005,0.14101215823255095,0.8526985641323328,0.9702626160918292,0.6616972221890287,0.7543128261137199,0.9151272425388187,0.9125997026546455,0.17944990901081992,0.4498046217285594,0.8333957963145311,0.4050233221852266,0.6866444104224372,0.8811966238494232,-0.051615034112381185,0.18883701180072468,0.7655733143977475,-0.10886808264064805,0.8163684019603974,0.9104243805330811,0.8639090194388479,0.020199406315398807,0.27137344395744534,0.08092531701324199,0.9557718585920737,0.23793999612922553,0.6522826954195728,0.9185328310164479,0.9037964995273102,0.9469801417428816,0.45198866218816364,0.7125534071960049,0.627027386965574,0.8227351618497565,0.8653693754976559,0.8416015283882285,0.8887123637401152,0.8385979544866999,0.6718668968801381,0.6932759954396027,0.8703756990441773,0.7591424783733243,0.9047503694156377,0.48759937630433914,0.9184388735275858,0.23726672295929987,0.9504391913195731,0.9174940904418613,-0.30082466776927036,0.09325415560923883,0.8586206156741379,0.5071302440222145,0.8973119272538058,0.9308892727243493,0.23107984705935608,0.5847154068398479,0.8960632482828977,-0.1969520004786347,0.9047240690233918,0.8298144710216288,0.06028980668030619,0.6202609462319062,0.6093928709914063,0.19895935254405314,-0.15813618612762634,-0.08051216036018939,0.7535591901862422,0.6820939528523813,-0.0403434849327224,0.9242192205816095,-0.15693941184184626,0.7170137569526658,0.6459371463964111,0.02677149909787812,0.7001764216258456,0.9254139529809385,0.9189017801891998,-0.11685204791773775,0.8098385659687958,0.9261825534239624,0.10136161442917671,0.7999593930179808,0.05597583494283177,0.6887140698110025,0.7222476209240297,-0.1534075811262766,0.08165155353005434,0.8580255919667122,0.915756119494625,0.8664451160322367,-0.03648117198278409,-0.1410521946305406,-0.12186842896814083,0.25048066717799733,0.908530696661767,0.5253020041193787,0.8619637255350393,0.20516497585236168,-0.08484369482168459,-0.12249218105673232,-0.10091252389602441,0.9176244573216932,0.5937828675019654,0.3695887367532551,-0.43741951914899546,0.6596269296889532,0.2580171956481013
750,0.18976564218721256,0.6602671309822891,0.8971860656746804,0.8804264487331428,0.7373996576865313,0.8895684689764363,0.7284596642408967,0.8050406817245024,0.6075690635269543,0.8948203291718945,0.0,0.908130867625163,0.9035769339964388,0.9294840706835631,0.5230088505401201,0.8919021519015206,0.14616415802901644,0.9210633596185596,0.9349469222866834,0.6753685029045566,0.7789759537914015,0.8989795043977437,0.8939031162402676,0.008140661662274373,0.32365554070816355,0.8054443968002383,0.42205934521692584,0.6911664581866898,0.79210399572148,-0.1178479866518223,0.07870576964061189,0.7778459347591846,-0.22381825576536268,0.832031330265854,0.929094021003489,0.8653830796124454,-0.12138968216648532,0.19783126448529104,-0.05831787108491201,0.9265584395202537,0.12951206284703087,0.6940814708081614,0.9121814883109965,0.9575025573021906,0.8402941576342484,0.5004064680582504,0.7657082521451923,0.6314166275509343,0.8228364680360217,0.9174110547529906,0.8388784327609573,0.8924834195902055,0.9009011426135618,0.7771075714990278,0.7202673527074525,0.8891260908990761,0.8232864053860148,0.9389637184016573,0.448734901673071,0.9369605455629171,0.06877228802048825,0.9259649149955738,0.932289990071812,-0.397825854237084,-0.027036467237620154,0.8644377637411123,0.5289819473866857,0.9206067757184856,0.8940964819375502,0.12583528696206533,0.6139999474364808,0.927510663508162,-0.24031768760567535,0.9561404008055995,0.7782383652498216,0.025043422260952426,0.6817490370419145,0.7936234346267181,0.09843181085888876,-0.24499712973217086,-0.22851577785647698,0.7256325642043568,0.6829989303085596,-0.2663863617579268,0.9201805636016543,-0.2772839599891827,0.6558923948034987,0.5820869471999345,-0.020911595065041023,0.6850847947547872,0.9321916524797521,0.9015009078901146,-0.20520697593979167,0.84393890068238,0.8920479039651036,-0.06329047233473602,0.7830177387140063,-0.06809523847612088,0.6003956790310896,0.6616013526271807,-0.2382381642956721,-0.09061544997601871,0.8433735838502513,0.933152299941643,0.9045607588418816,-0.13534170907445647,-0.2436108273107754,-0.2828964754645554,0.13814720071927059,0.9362270662266955,0.5259303508542454,0.8435554364921517,0.043449579332422696,-0.14310131909697796,-0.17746603348034662,-0.20456197125501877,0.9202063937968556,0.6224464524205238,0.27591915125613053,-0.5614774418042031,0.6769505692812305,0.11107159462412423
776,0.16226544283657435,0.6256532206481573,0.8717506768766701,0.8710139500665424,0.7197769452907969,0.8892474686441613,0.7651336180008583,0.6576880649852561,0.6275713240206757,0.9025501206559481,0.908130867625163,0.0,0.9251094728580508,0.9112713493416408,0.5852318868488298,0.8592885727920793,0.16229369338407265,0.8726110276111376,0.9545364191138123,0.6313215809677719,0.7280878299533297,0.927808129597388,0.9219197796502457,0.113968856883554,0.4097898327730287,0.870754878813316,0.4764464012843785,0.7253812965026646,0.729231590490182,-0.05591548316058821,0.1391790910750253,0.7950464454912116,-0.1318856226581658,0.8048981299956091,0.9158902037203202,0.8854123212624411,-0.011509848645174178,0.2923942996615774,0.008469962117547303,0.9547573015412462,0.19472337389010436,0.6014031258919437,0.9523789161730413,0.8823664619731931,0.8215480648950784,0.28373591112034646,0.6524962645530367,0.646033206855919,0.818342938885835,0.8517755008851331,0.8277189388700318,0.8810302456564765,0.8452899625952357,0.7291376827653651,0.6795380281102047,0.7957622416307889,0.7506020049544377,0.9203173781153688,0.5587582335663533,0.9087867734703092,0.20144338212823695,0.9570755660204007,0.877576952276833,-0.3297460337503351,0.059118117909750516,0.8342918852229634,0.5211680948147486,0.9439263100333127,0.9463134433486211,0.14760451232530117,0.5390703125213027,0.8968066734074448,-0.21127885889695586,0.9045435892900312,0.8173972308036332,0.005364947453976748,0.678463101181832,0.5746575742713009,0.14106582373303747,-0.19915272158582126,-0.16287572133417927,0.7174510450651563,0.6682515689622449,-0.2517220684897785,0.9450389501890647,-0.1834507813393284,0.8199668287944977,0.748815543544372,0.007214280160075645,0.8305997518147133,0.9076103651212707,0.9123217246306368,-0.1825574084289205,0.7717832953038265,0.8704435745981572,0.06169251499402281,0.7437882128528228,0.0034831500584740346,0.7463474146570139,0.7793958768971168,-0.18086272202560935,-0.038677450347406474,0.9306156379937323,0.915200248204933,0.8610206265304426,-0.06680888918781078,-0.13595924991819738,-0.20245903396496484,0.21261461974097454,0.8856335817420355,0.4784759544534829,0.8309789928583248,0.13509514642521578,-0.10617609914689048,-0.17165750708634553,-0.15031987527252172,0.9264370741167656,0.5553390170705508,0.35704456992755484,-0.45970838196255953,0.691319364593918,0.17286609825147603
783,0.03161403596855502,0.607552694427404,0.8795511880946562,0.8486226273057107,0.7210890178838505,0.8587917720815544,0.6978804003994261,0.6956682435899817,0.6308266427643,0.9186096824544825,0.9035769339964388,0.9251094728580508,0.0,0.9207975332432772,0.5446851802586014,0.8534436167218948,0.10846826060555932,0.8334068368766557,0.9563521455407956,0.6722159641244567,0.8198745536456261,0.9213484306832025,0.9228843090472966,0.1267467345948684,0.41864741365781294,0.9013147734286437,0.4069522854445902,0.7216870397524628,0.8028960390830392,-0.04606610073977553,0.1524760409147599,0.763967064707843,-0.08752583707087074,0.800923551710483,0.9154606419807192,0.8609810411969557,0.023351880323054432,0.2555956481355085,-0.02716570177671024,0.9340967835699026,0.14731733487490797,0.5699906348070297,0.9020535010045547,0.9250798073842239,0.8763649564339727,0.3844760299011574,0.6800102209926463,0.5624335476401113,0.814206888907079,0.8432404310195938,0.8274986010528828,0.8761974585366135,0.7897433821756259,0.6742089393214771,0.6724816450235434,0.8719435227334477,0.7061035221698074,0.9249145598336348,0.5577350612384944,0.9069762212620588,0.21089915735610743,0.9312803240682342,0.9176831109536486,-0.30186932087081875,0.07549485726082997,0.8096710742453291,0.5269381553779559,0.928804491727553,0.9143549182993239,0.17975404232537537,0.5146719820211835,0.9344353397707238,-0.19384666916153556,0.9109747858911851,0.8217627712003217,-0.006046285135655158,0.6437675973953138,0.6579861394287473,0.15203129463953835,-0.15603917792498012,-0.11914582590369951,0.7040044152528817,0.5763183913758491,-0.12372030604058491,0.9286624541285674,-0.14938206204377014,0.6992762594359293,0.6720718680289898,0.06217883872452046,0.726109096725637,0.9137008429056444,0.9132626269896594,-0.12512766682088267,0.8078556287546214,0.880259323370656,0.07774295451150325,0.793709672795321,-0.01664423668268179,0.6605053793317599,0.7040442424260375,-0.18644983238731216,0.01117258334152423,0.8678444688285385,0.9247426266205493,0.8801882057461021,-0.07773229827823154,-0.10249785540940333,-0.14908826078130136,0.2855210158604582,0.8980444438560059,0.4949959745100187,0.8957719003177491,0.19189945028894337,-0.06445632565393741,-0.17368823571415976,-0.1299877775612326,0.9331425324057457,0.6288771709234479,0.37350637455365443,-0.4506131165339568,0.6741347005864158,0.24034840491603865
987,0.20434985408959608,0.554268143176791,0.9183966971675609,0.9048170088282567,0.7650966465675397,0.9303639973585622,0.7551295039261229,0.6858872076084772,0.6477234537154727,0.9458884197740796,0.9294840706835631,0.9112713493416408,0.9207975332432772,0.0,0.5151224490953044,0.9022162097190739,0.13563058444776768,0.9252465843200866,0.9630655159311882,0.6610982460319347,0.7430145054998992,0.9455678075111401,0.9154236613525027,0.11155198259757003,0.3727165828107742,0.82408362632477,0.4146500264736327,0.7469919613068986,0.8107363066262483,-0.059403989396622184,0.13390772459902348,0.8230100705744249,-0.06681969462212181,0.8409895055467311,0.9378267731630718,0.874571566574166,-0.06507511677157257,0.2729654178152647,0.014581124729233846,0.95194718719847,0.15532964698990973,0.6812534895257931,0.9330621823008337,0.933611648236169,0.9062830710236242,0.4724755608320394,0.711499122127721,0.6220367108779618,0.8376083405515888,0.9295373539940867,0.8660108025699418,0.8835228152217331,0.8935628910322232,0.7719601301966074,0.7568276209580191,0.8746021707429902,0.7681195633401355,0.9220222118706253,0.4940407773134299,0.9517798475757188,0.18895484867703546,0.9564162024323,0.9467370332605881,-0.3299149532346962,0.026664924425412788,0.8984457504883053,0.49883942748035565,0.9327215626835091,0.9259716001640018,0.2246133550477534,0.6489382256653213,0.9321375732134453,-0.16849237613892992,0.9209332243154096,0.8364462736387629,0.07473719087327375,0.7129242587450375,0.6380966803268866,0.13176320155010718,-0.19770457347947173,-0.15454633415846195,0.7778824207837681,0.6419092826002064,-0.1284991828581685,0.9195087131617038,-0.18249295350122313,0.6984041914271834,0.6353318636051037,0.03195594837300038,0.6840247003267048,0.9352584884554102,0.9205011173509774,-0.16240762622539892,0.815943777407154,0.9029511547014064,0.07173735710304766,0.8478690728667062,0.05172774732437399,0.6585033264082355,0.706538003936673,-0.13563010617193064,0.011552299165130786,0.850844994028861,0.9473024362742793,0.8673777851962584,-0.08615168489902876,-0.15275646755634756,-0.1941275384432195,0.2155824895523499,0.9169826348647077,0.4925107541761133,0.8669955893304198,0.2158695514399674,-0.1067623403283296,-0.14686734446184707,-0.102562772141462,0.9378414038036968,0.5473546025958217,0.32165576626311193,-0.4420640716701366,0.7266870480049112,0.17743279899809958
1227,0.2346966110087986,0.3329433422952161,0.5489830821575508,0.512537996729406,0.4644360880228396,0.4624981983971564,0.534650353534327,0.44516686242840425,0.35115288205081996,0.5689311277365312,0.5230088505401201,0.5852318868488298,0.5446851802586014,0.5151224490953044,0.0,0.4900437949466703,0.4282612333064037,0.4758979042509591,0.6196704393921424,0.3407465345028776,0.5520221573596746,0.621633804179898,0.4529715366547732,0.6345034621875296,0.7911580564729244,0.6215207115437398,0.6729523163509997,0.24468677397993613,0.4410002199844162,0.2628490067949435,0.6168635775819256,0.42198605879363177,0.16028711446944297,0.4481757809326613,0.4748737856986005,0.529732208845326,0.3905313138386831,0.49350039586731514,0.38442900073538816,0.5653583487718277,0.4697983037338199,0.28787751717236393,0.5833416869466291,0.49100571371703106,0.5218972401382688,0.1896045685595832,0.2971544177260944,0.46790697397687453,0.5886427690103903,0.5617271369368069,0.4482536042718245,0.5509032819681298,0.48257044935345683,0.42446366385795414,0.37996741781566334,0.44253956172888737,0.4907186363222323,0.520870820764346,0.6442348854835603,0.4982628483794655,0.6095064761169107,0.5620439860489443,0.5171668262865695,0.15240906784176275,0.40489549257433205,0.48199479738690115,0.7967414790466264,0.5168656502251833,0.6186169810529567,0.418412326882627,0.38632858478471377,0.5920824537582778,0.17582826612142669,0.5413971222286437,0.3317865952975182,0.38973952104154014,0.2769398921218637,0.36810804554471704,0.2855034919926722,0.2736560247296985,0.4717465859410278,0.5080831715544492,0.30689726552125,0.09808643391766872,0.5046870556031867,0.17896554361962638,0.6199676637198487,0.6202092905976656,0.353676271662418,0.6279157604581208,0.574373908246862,0.5917614740943961,0.23683251649254627,0.5030211350368577,0.4530461976220276,0.44585951715244077,0.3540158520032108,0.4085115829287782,0.692777546759498,0.6513545841087554,0.35306714610809126,0.2763082870649512,0.566923221074374,0.542614508426294,0.5586703336303677,0.34216481261598203,0.09981767078260138,0.22838171466206156,0.6765389243028669,0.5808162232474605,0.5097380189441242,0.5384138269467044,0.5013809905025566,0.23369305518143824,0.28834294719342757,0.31358400654597746,0.5135372235366593,0.5635187276638604,0.7266350666181406,0.04296564333593066,0.36873635085602546,0.6627927568367279
1236,0.101570400221715,0.5265154435307422,0.8687032766872261,0.8728869948504066,0.6746566122789327,0.9127959698403629,0.7640658127290727,0.5944902207286897,0.6699600445053445,0.8505277443620005,0.8919021519015206,0.8592885727920793,0.8534436167218948,0.9022162097190739,0.4900437949466703,0.0,0.10697026502888944,0.8642326506981122,0.8813075278932462,0.655052037165718,0.7415140699907318,0.8528364466507046,0.8719845952216372,0.0684750475673272,0.36925269325186577,0.7744531569568507,0.4139101804243969,0.6343174858346362,0.7630530039739427,-0.08105039389507115,0.09335175347949506,0.8750436522124486,-0.11307386077529853,0.8291229228169003,0.881326719539675,0.8844930760728709,-0.04282204134133565,0.29355804602968233,0.01749749039958341,0.8632312502058539,0.11433865292035067,0.7333630455816801,0.8780220932311077,0.913621633184789,0.7725734890317499,0.4713729765459542,0.7244596410241031,0.7130350236643261,0.7568656478561234,0.861418187583753,0.835348061303553,0.8724391391618319,0.9043286014131319,0.7375012187589917,0.7659766510700647,0.8659852321115671,0.8697523644020172,0.8920782945905048,0.5132841650152346,0.8839090032837034,0.1565849134704818,0.9038049908500807,0.90469646900997,-0.2924723782714956,0.016982769155017625,0.9080114273400912,0.5061539477317544,0.8708682332468441,0.8616203625439178,0.20448669614248474,0.6212178730706477,0.864584532729983,-0.12880890365284944,0.9078907296489939,0.7618684459284305,0.03197767290134882,0.688296452274914,0.5576986760920358,0.11274044828334231,-0.1422192629282356,-0.15856615558996132,0.7017766563118386,0.6069727926112387,-0.21193037675663318,0.8948189394178029,-0.2196645644992379,0.6476405617432553,0.6218318170247175,-0.06345121034989687,0.6957375257466277,0.8576540320557385,0.8397828004276585,-0.21090047908104298,0.8121447108422359,0.87495857682472,0.04145720636395883,0.6732727939137184,0.03318587414599471,0.6274309922989575,0.620396831821965,-0.19746293640889212,-0.07503901677029608,0.7723292969769038,0.9053263469079397,0.8293122999615026,-0.11105690875971069,-0.09129448497999876,-0.22769522505348777,0.22126603806079848,0.868800957165967,0.44641819912970937,0.8119678790960749,0.24540588556046886,-0.12657250836549822,-0.17720138472903796,-0.14397349777629467,0.8608229946928158,0.5376328906398083,0.3782312713348557,-0.5604061641791908,0.7867753843622244,0.21072029055288205
